resX: 14
resY: 7
posX: 2
posY: 2
posZ: 0
pos0: trees, 0, 14, 28, 42, 56, 70, 84, 13, 27, 41, 55, 69, 83, 97, 1, 2, 3, 4, 5, 6, 7, 8, 9, 10, 11, 12, 85, 86, 87, 88, 89, 90, 91, 92, 93, 18, 32, 46, 51, 65, 79, end,_
    pos1, 94, 95, 96, end,_
    hack, 71, end
pos1: trees, 0, 14, 28, 42, 56, 70, 84, 13, 27, 41, 55, 69, 83, 97, 1, 2, 3, 4, 5, 6, 7, 8, 9, 85, 86, 87, 88, 89, 90, 93, 94, 95, 96, 48, 62, 76, 51, 65, 79, end,_
    pos0, 10, 11, 12, end,_
    pos2, 91, 92, end,_
    logoff, 45, end,_
    dots, 15, 29, 43, 44, 46, 47, 61, 75, 19, 18, 17, 31, 59, 73, 72, 71, end,_
    note1, 81, end,_
    lock1, 20, 34, end
pos2: trees, 0, 14, 28, 42, 56, 70, 84, 13, 55, 97, 1, 2, 3, 4, 5, 6, 9, 10, 11, 12, 85, 86, 87, 88, 89, 90, 91, 92, 93, 94, 95, 96, 23, 37, 51, 50, 49, 48, 54, end,_
    pos1b, 7, 8, end,_
    pos3, 27, 41, 69, 83, end
pos3: 0, 1, 2, 3, 4, 5, 6, 7, 8, 9, 10, 11, 12, 13, 42, 84, 85, 86, 87, 88, 89, 90, 91, 92, 93, 94, 95, 96, 97, 27, 83,_
    43, 44, 45, 46, 47, 48, 20, 34, 50, 38, 67, end,_
    pos2b, 14, 28, 56, 70, end
pos999: trees, 0, 14, 28, 42, 56, 70, 84, 13, 27, 41, 55, 69, 83, 97, 1, 2, 3, 4, 5, 6, 7, 8, 9, 10, 11, 12, 85, 86, 87, 88, 89, 90, 91, 92, 93, 94, 95, 96, end
